340-385

Pitha, Franciscus 13, 14e‚ 16, 370. Schmid, G... 143.

111000, Wencesl. 146, 141, 24, 28.

9100, J... 16.

10110100,Μοοή 5, 23, 33.

Ρο1011, 10000110. 23, 26.

Polansky‚ Franc. 13, 34.

Polzer, Eduard. 28, 33.

Ρο0001, Α1001100 24, 34.

Ρο001011,1’1000.4, 5, 10, 140, 23.

Prasiry, 1110010110 140.

Prasiry, Nicolaus Aloysius 17, 23, 26.

1110010οο011 60 Liiwenburg, Vitus A.. .
12., 13.

01106101, . . . 19, 220.
01106101, 100. 140.

1101160110, Leo 8, 13, 146, 143.

11010001, Jos. 29.

Reiser, Christian. 140, 180, 23, 24.

110100, .. 20.

110100, Franc. 9, 26.

Reuss, August. ib, 16, 17, 27.

Richter, Theodor. 3, 140, 20, 28.

1110601, 10013, 140, 16, 17, 21, 300,
370.

111031, 100. 140, 140.

111031, 100. Nep. 18b, 25.

11101, 100. 4, 140, 23, 29, 31, 33.

1111110, . . . 220, 23, 26, 29, 32.

1111110, W... 143, 20.

11060, 100. 146, 16, 17, 26.

Salomon, Franc. 22d.

Sauczek, Jos. 7, 110, 140, 23, 24.

8111110301, . . . 110, 143, 300,

8111110301, Christian. 16, 29.

8000011001, . . . 140, 18b.

8000011001, 100. 10, 146, 143, 16.

Schaiarowsky, 100. 4, 140.

800060100001, 1001100011. 7, 8, 146,
180, 220.

80010110, Jos. 6, 10, 140, 140, 24, 28.

80010011, 13001. 13, 140, 19, 23, 26.

8001000111,Αο100. 10.

800100010, Αο1. Vinc. 6, 23, 33.

80010301, Franc. 21, 24, 34.

8000000100101001. 16.

8000011100, Godoired. 110, 143, 29, 33,

149

Schmidt, Hermann. 141, 23, 26, 36.

80001011οο0, Wencesl. 140, 141, 36.

Schneider, Anton. 10.

Schneider, Carol. 8, 12, 180, 35, 36.

Schneider, Frideric. 11010033.

8001001011, . .. 14 i.

8001010011, F... 34.

8001010οτ, 100. 140, 143.

800101101, Franc. 10, 110, 23, 24.

Schreiter,1gnai. 19.

8001011, 0001100. 8, 6, 140, 16, 23,
38, 31, 32.

8001011, Αο100. 12, 21, 23.

8001011, Αο100. 100. 6. ,

80001100, 11010011. 10, 16.

8001101000, 100. 2, 23.

8061000011, 100. 17, 24.

80001000, Fr... 23. ·

Seidemann, Αο100. 4, 12, 13, 220, 26.

8010001, ignat. 10, 13, 33.

810301, Franc. lb, 7, 33, 370.

Skalitzky, Daniel. 2, 16, 23.

8110000, Vino. 33.

8011111110, 60101. 4, 140, 180, 34.

80101001,13001. 16, 29.

80011001, G. . L. . . 3, 140.

801301, Francis. 34.

8001000011, 100. 143, 25.

8010301, .. 9, 143, 21, 29.

8010101000, 8111001101, 10, 27, 29.

80011, 100. 12, 17.

8100011, Wenc. 6, 143, 16, 18b.

Steinhauser, Georg. 29.

8110101, 100. 140, 23.

8110000011, . . . 3, 140, 143, 26, 28,
31, 34, 35. -

81101110, J. . . 4.

81101110, Jos. Jar. 12, 16, 17, 21.

810001100, 13001. 6, 143, 23, 33.

81011, 100. 110, 12.

81100011, . . . 5.

81100011, 100. 23.

8110000, 100. 141, 30.

8111010100, Βο110000. 8, 140, 83, 36.

8110000101, 81000. 10, 13.

81000060, 11601οε11. 16, 33.

Το11000, Hermann. 16, 34.
Τοι10013, 0001. 20.

 

